0
1
1
1
4
5
0
7
2
1
6
2
6
3
4
5
7
7
16
11
7
13
5
5
8
22
13
22
14
25
25
18
19
24
6
15
11
29
18
32
4
39
8
34
43
38
24
30
18
28
12
43
38
20
50
46
8
55
50
4
38
61
4
51
36
65
42
67
56
43
41
48
28
63
68
52
6
64
48
14
4
7
20
11
79
57
13
11
30
24
40
0
41
34
12
91
11
93
23
66
97
59
84
15
83
24
2
24
45
78
38
26
77
25
72
104
92
17
3
76
67
98
63
34
32
32
29
83
15
48
73
30
97
67
13
42
68
93
75
134
32
105
5
21
144
110
36
12
88
21
65
13
46
100
43
96
33
39
155
21
101
142
46
4
65
2
96
144
37
126
65
72
100
24
100
67
13
20
61
149
72
149
12
73
63
82
151
127
26
152
59
143
137
90
15
119
182
74
175
188
184
68
38
164
88
105
100
107
58
180
77
93
29
140
173
213
59
24
202
176
31
193
56
141
116
86
194
207
155
52
31
182
28
197
224
36
47
10
209
18
239
213
31
139
134
136
35
125
235
42
187
34
0
73
130
204
27
137
137
121
92
110
150
119
99
104
32
105
208
164
16
142
102
235
192
196
226
11
131
213
228
73
14
279
13
59
49
274
168
46
64
219
147
218
150
74
38
229
207
115
278
119
77
299
44
17
236
120
198
245
167
247
219
200
132
62
297
204
171
299
198
9
255
313
246
39
75
292
301
301
230
79
299
44
222
308
40
45
160
79
282
202
80
80
178
284
242
73
69
48
81
270
64
332
107
66
140
26
35
122
157
322
3
246
205
132
238
260
237
323
1
188
245
145
332
351
297
91
233
354
214
367
88
247
148
152
206
54
165
365
216
389
197
149
215
377
2
304
395
140
233
1
171
94
366
98
198
254
408
221
158
68
270
372
342
82
190
323
259
377
242
321
292
142
316
96
59
78
244
295
289
128
213
86
10
67
172
164
313
134
92
328
286
442
184
128
89
360
269
436
141
214
426
193
322
326
453
144
253
239
242
379
72
327
449
48
57
64
388
415
118
168
308
51
418
307
104
87
322
292
58
77
237
104
48
152
173
59
164
483
201
254
100
479
463
163
278
97
248
314
411
17
179
375
257
444
80
15
471
127
323
457
78
287
198
307
175
25
374
439
213
425
358
309
427
221
38
220
527
236
6
475
496
326
184
138
504
412
391
386
232
239
414
246
198
343
495
263
163
57
263
209
70
158
228
3
245
371
333
516
139
52
204
544
55
517
458
514
70
42
227
470
512
229
406
484
575
320
92
205
287
386
462
247
461
26
251
222
225
66
467
506
259
579
578
190
238
417
367
498
527
53
528
416
580
283
216
291
21
508
554
49
31
574
105
313
592
106
390
243
160
516
465
99
214
183
373
301
127
243
141
117
279
272
127
207
499
131
439
469
255
628
101
361
21
339
604
640
467
41
266
590
41
53
172
491
227
46
471
415
97
205
266
580
30
550
215
561
21
651
541
91
338
278
290
200
245
271
461
118
503
272
636
427
512
309
93
84
100
210
277
606
317
527
92
316
630
526
564
113
249
638
249
663
605
523
380
559
376
101
361
702
210
390
132
353
179
377
561
544
306
719
74
665
85
347
281
553
478
71
464
358
67
442
43
439
487
7
30
205
57
623
18
257
589
484
250
500
626
448
383
17
83
128
401
736
665
517
347
295
10
458
567
311
753
145
594
58
257
296
102
88
192
271
370
9
713
278
305
611
761
693
217
419
505
182
454
526
606
245
541
582
104
216
620
67
652
438
175
67
425
39
364
456
391
585
36
80
468
97
606
798
426
44
602
759
738
483
172
672
539
160
674
418
823
507
125
826
229
32
645
788
741
432
58
530
255
732
107
166
800
801
504
702
683
8
825
321
198
70
146
532
723
276
605
361
400
636
450
843
209
743
340
707
692
480
741
458
92
842
179
618
871
201
525
104
583
30
324
223
435
94
721
665
204
840
75
128
821
554
626
589
454
427
190
191
286
598
717
98
741
402
137
582
136
414
749
2
854
837
262
605
70
149
876
673
169
55
460
282
263
571
788
248
257
710
233
154
207
305
105
838
588
733
264
185
65
649
557
933
630
327
383
319
467
895
284
105
517
650
740
620
532
115
423
897
76
654
723
779
286
836
842
645
214
198
472
47
697
513
641
923
199
356
424
836
83
373
460
631
140
493
285
688
259
699
40
350
136
55
906
280
677
305
578
283
833
351
757
482
128
559
603
328
567
657
338
651
300
701
148
328
274
51
13
912
740
235
772
627
933
818
163
669
103
445
266
512
996
717
754
488
111
204
532
685
716
514
753
178
569
935
1
981
62
806
900
150
463
405
1016
265
864
530
204
8
956
50
611
645
170
358
348
1050
959
620
524
569
311
8
502
793
897
822
809
975
813
546
432
300
403
931
778
883
76
647
56
207
883
607
697
948
211
833
920
802
6
153
467
395
744
644
331
162
1075
197
205
717
985
200
885
270
491
761
83
294
758
410
761
16
284
522
802
195
815
317
399
640
895
44
1098
287
968
813
272
198
1089
1098
741
629
638
922
88
671
375
673
359
944
978
1057
455
82
961
651
780
1130
506
127
406
657
55
534
66
859
270
942
282
403
986
410
837
59
13
780
179
326
145
483
451
704
261
703
1005
319
899
745
706
41
251
107
915
887
79
796
601
817
983
491
187
760
1039
866
964
1120
664
309
50
655
227
769
136
222
903
132
568
106
74
401
476
367
275
158
130
412
1094
581
678
521
1138
1152
1192
959
182
540
188
988
653
345
63
187
347
914
552
557
1232
586
390
234
131
188
709
445
146
109
1156
324
551
434
624
559
449
693
503
93
361
1134
230
451
310
1210
491
1234
177
265
413
435
789
497
1205
480
660
707
1073
164
380
1175
1116
1111
412
398
886
147
755
681
267
1041
474
587
1172
331
819
689
1254
815
1297
1082
122
598
882
383
193
83
980
499
172
1024
1121
941
39
1169
454
207
678
1105
1109
729
893
452
346
376
34
1170
878
755
337
1299
463
776
546
688
960
598
397
1148
488
1273
598
46
1126
542
254
499
224
562
970
1125
33
456
875
664
682
1288
1151
3
880
29
319
673
719
1148
167
496
829
801
276
657
530
443
1353
1188
777
660
866
1184
344
451
231
986
1225
623
697
328
157
897
779
649
172
1008
464
1394
998
461
200
1217
423
778
747
863
797
941
40
129
431
605
617
306
630
328
346
447
1122
1128
437
605
555
173
175
829
55
999
719
1081
762
226
742
1322
703
755
1046
465
1112
398
225
770
894
1351
1229
508
322
197
516
377
955
645
1049
391
913
1051
1030
566
705
994
296
572
1407
1179
1431
758
966
674
540
1328
290
151
520
351
1189
667
617
1400
303
1421
942
648
910
650
350
1426
798
613
1158
147
933
314
438
1491
1147
419
768
559
10
944
630
349
297
1187
1166
678
1152
862
809
1384
392
788
863
1467
155
892
524
675
273
1447
803
400
791
544
835
1190
1335
100
847
704
1195
1439
251
529
538
1436
453
760
1020
1017
132
656
803
230
556
1262
764
823
1536
1321
443
180
754
241
1346
1009
687
708
1097
1375
932
815
846
847
373
221
239
931
42
1445
486
1354
1063
865
639
1120
963
1511
18
1117
1081
820
227
41
101
141
1431
178
1548
1318
161
1377
558
1309
1228
158
592
722
1360
338
1444
1087
881
837
961
565
212
601
442
1059
308
1588
1187
1104
1385
753
704
450
274
177
1396
340
179
369
59
656
757
583
781
1437
1195
1505
1497
801
467
601
303
1042
1410
617
1586
1239
1398
234
1462
1412
1164
1384
541
259
644
690
1266
68
1587
254
1427
1127
1510
1382
1084
247
780
1230
887
1181
1196
301
1644
307
1456
246
84
1365
596
727
1150
206
951
402
1224
1229
1496
1258
308
76
684
1197
871
427
462
1508
925
790
54
96
1216
931
1675
1459
23
1225
1448
1274
330
1194
1356
1691
1322
1703
1706
127
1427
1592
434
461
802
267
470
503
1292
1349
341
632
1654
146
568
1341
972
427
413
1396
1376
938
474
1581
1191
1700
548
1013
1076
814
826
948
1692
1469
1056
562
537
715
1336
830
1033
1249
471
1280
1335
1091
134
1631
651
1013
1056
156
1354
1020
272
1101
752
213
1322
551
863
92
747
52
200
1194
845
1629
888
111
479
128
1436
493
107
1570
71
203
1070
127
72
1659
1006
237
881
117
2
191
383
1017
1101
62
327
134
128
367
478
548
1753
1668
1260
1212
949
1591
327
1080
957
1220
555
76
1305
581
217
415
1751
187
701
1292
1550
50
927
344
1445
918
1596
970
340
1180
1684
474
1739
533
764
1608
1569
132
1569
852
448
1318
1754
56
1789
283
1213
986
1611
687
921
1033
1114
1709
1262
1484
885
1771
430
919
85
91
1798
894
1692
962
773
1284
1378
177
180
1081
23
520
809
293
1771
826
495
1168
263
500
1412
1159
1736
562
219
1466
1350
537
1674
1113
515
666
562
336
1210
706
896
424
143
83
1541
427
1172
905
1298
996
430
1388
1490
1543
392
1885
499
453
33
618
1697
727
1792
1744
1400
254
1718
1540
869
1193
1181
1441
379
1081
412
469
974
804
1378
773
737
598
1773
552
153
475
1812
1513
1169
779
1259
807
1600
516
177
1616
1431
558
172
898
841
252
864
1936
28
135
441
92
1954
522
1524
1726
780
1662
1498
775
219
933
1737
1424
479
722
958
1964
165
1463
1413
400
524
246
1634
1135
1150
1947
123
1224
649
1099
528
1951
1487
1537
1370
1336
1900
1615
1758
1095
1370
214
1096
159
1303
90
626
228
991
1884
952
1193
60
206
988
1305
1561
1972
1179
908
941
950
644
200
1935
86
1688
1032
1116
543
1162
1570
940
634
29
855
1870
1514
1673
372
908
119
2001
1231
1230
1937
1124
98
1315
1699
635
777
965
1555
974
453
913
1261
894
2047
1899
1503
691
1056
224
858
1328
1835
478
1618
711
1319
727
1535
96
1276
1917
757
395
2082
504
782
1715
654
167
1427
1308
652
1924
1107
1190
1042
1383
161
419
237
80
1665
548
11
1605
1823
972
365
823
273
1556
903
1752
908
798
2112
1195
1181
869
1607
344
1584
783
1726
52
1852
580
105
498
1252
1526
1362
641
400
2037
1645
29
1656
1722
264
1970
1255
2033
579
181
784
372
1820
1561
1679
83
504
172
2072
789
76
2022
16
1468
780
1879
2173
351
163
949
1727
693
1174
2002
1274
201
2165
1067
1494
938
926
1997
2088
639
2120
113
355
2061
1034
406
2134
1355
1532
250
1743
1306
153
622
1385
1467
1727
968
1034
497
1557
1636
449
755
181
2086
1539
1478
42
150
1426
1180
302
2197
1696
1405
842
516
1619
1797
131
256
900
1365
10
1999
583
789
1913
605
527
2054
11
1238
554
1892
2187
242
269
606
949
334
90
52
606
970
1977
825
1169
329
1291
1658
423
1048
1291
88
1118
466
966
2054
370
1494
790
936
1052
1610
2142
1594
1405
721
607
1630
988
1402
2011
216
393
280
754
1896
1491
797
1842
744
1729
2208
2031
470
308
2057
1821
1963
1577
978
2040
671
1615
244
1387
1241
2293
2065
1975
47
1101
1169
851
191
1256
352
1510
854
254
428
499
758
1728
2031
576
430
289
1268
664
2071
26
348
1189
849
1370
196
714
803
1848
2143
1263
1234
675
1021
641
364
360
1058
1072
2156
184
952
586
673
1520
1088
1663
721
2333
1513
567
1009
2237
12
2114
239
1041
1052
806
735
372
1449
1658
2194
1532
2079
2151
427
1680
25
1541
1416
210
1258
599
2140
1477
1699
315
109
1790
1988
496
1968
1777
1255
745
428
597
411
446
2389
1985
1626
1503
2204
1439
1732
84
1955
944
1588
2406
737
6
2176
1026
468
1517
1592
233
780
1510
2117
817
628
1300
32
999
1152
1598
1540
190
1697
335
1987
495
97
1088
1031
110
1917
449
165
227
727
99
1160
2173
276
1908
103
1503
453
573
1267
2073
2141
220
1533
171
2006
793
366
607
2297
2045
170
781
2449
2201
115
1777
1409
422
454
122
669
924
403
2074
1373
729
528
981
1398
1405
1294
1093
1595
2159
127
1634
1605
198
9
187
100
2424
2180
185
1413
2402
114
2026
1771
2264
507
2148
1262
32
1098
28
320
1086
763
250
2115
1907
2103
2264
315
852
84
2506
1617
929
1795
752
407
1612
1991
1181
557
573
557
1081
588
1417
860
2345
2313
2041
2164
1159
696
2454
1544
2014
2520
259
2417
2319
2390
1349
768
104
1975
1303
276
664
714
581
647
2277
109
1188
832
2250
655
705
303
85
2277
2437
106
1097
2441
812
611
2368
1898
2038
1709
1969
243
606
357
1351
1816
2520
1712
2147
1898
2064
17
484
2475
2187
1958
759
2126
221
329
1358
2465
1153
684
798
761
760
2461
1608
148
304
2453
1454
2622
1625
2378
2282
904
200
882
1701
899
808
612
2013
1281
1724
307
726
2123
296
2299
2497
1654
1480
1518
456
437
1384
493
848
2158
224
2402
2004
1911
1431
2512
763
491
1420
970
2617
1929
791
1920
2508
1561
1339
1982
1182
856
1549
1516
433
261
2311
839
1734
1811
2203
442
2510
565
1628
1115
254
96
745
767
2220
449
1671
2564
129
272
715
1755
959
2305
1070
2066
2079
991
2463
2562
94
358
597
1965
1420
912
1525
1303
1121
1019
1203
919
2463
1087
1571
1888
1924
1241
1329
1630
427
1892
2197
1817
1462
526
2361
2344
1868
890
2352
2711
1860
1960
413
1117
2183
2454
2631
2138
2355
1801
994
2582
1473
85
1297
1080
2107
1510
2628
390
664
870
703
471
2655
2107
2290
1261
1469
108
2043
380
1780
880
739
344
329
1
1721
2356
2171
1342
1259
1338
619
2463
339
1139
670
1887
2776
2660
2320
2183
1739
71
518
1334
280
174
543
2508
1588
689
731
2279
1032
653
1714
540
1345
2527
1592
2518
371
706
1714
1846
2356
1822
391
1972
762
2749
1247
2655
1821
2124
2362
911
2690
912
230
2054
2445
2276
1340
666
1895
1100
345
2527
866
713
2338
566
1107
2557
1304
2033
1102
1293
1269
700
148
790
618
1143
1045
137
500
1373
1333
1197
441
182
1100
1450
682
1960
1850
2444
2184
1699
1013
696
2651
868
812
1021
607
1286
2294
2421
1677
2066
2248
499
1708
1822
1877
1171
2393
686
1141
836
1787
1560
936
1261
1927
1690
319
2639
1571
574
1968
1075
42
1534
2556
2011
346
1915
263
1681
1329
1928
2307
1503
213
2590
2674
1948
2235
2101
811
1188
1634
1307
130
396
2693
2281
26
2843
530
708
1860
2616
1527
448
263
33
369
1917
866
1466
1963
1588
141
440
505
1233
853
1057
2580
1542
38
431
177
1098
823
1053
1327
1944
1774
2761
606
1346
94
1741
2599
1165
1637
2300
2631
988
845
188
349
1852
2468
44
819
618
980
1143
2823
2115
1296
108
1399
515
1246
1494
1559
2974
2724
2065
626
2580
47
25
2913
1876
2627
450
1378
562
148
2168
2330
979
2317
1726
1717
755
1336
846
42
756
575
289
1856
912
434
1644
1840
1105
1715
891
636
1801
584
1929
335
631
400
2797
1359
2278
705
1637
2630
2786
348
508
434
2452
2302
2327
2102
1074
2161
1206
54
2426
511
757
172
90
1137
2561
2167
55
2038
2412
1947
2748
2240
1018
107
344
1386
1110
54
2904
1860
1395
2058
444
1608
1712
3009
2318
987
1017
2340
2499
2012
2671
68
960
1697
881
1403
1491
1372
1084
2127
2594
2035
2879
1435
2441
414
2028
1457
3015
1943
369
1561
1716
945
2372
317
1182
679
3024
1661
1329
1257
317
2708
1309
2233
1036
416
2890
1396
1416
1470
1126
990
2369
1426
1658
77
93
631
2847
2230
33
1969
952
1985
1272
2814
275
1202
2717
890
719
1613
2698
1495
948
2967
2043
2446
1172
3127
2683
924
680
1191
2236
1206
712
2680
1255
955
1875
2794
1876
2129
1242
2752
2848
2842
1501
2245
1589
1036
1582
325
593
248
16
927
1944
2066
811
1240
680
3053
2502
2283
220
1510
2260
2838
3047
410
3200
2365
423
113
2885
1131
279
1906
263
807
1779
2917
1303
3216
682
2882
2366
191
414
1092
543
2223
369
2186
2973
2777
1332
2804
227
2189
1743
587
2871
2001
2841
2690
1687
1337
275
1524
2577
1544
2742
802
3123
2404
1734
3171
1168
1485
442
2504
530
525
1855
1001
2377
1683
17
2808
1718
1055
2660
512
2887
736
2363
780
2694
2607
1870
2286
888
66
1472
1370
1258
1035
1828
2059
2837
2711
2865
1960
3124
764
3015
323
2355
1423
784
1583
2225
1114
1767
2177
1454
1518
2776
3265
2724
1419
2530
1251
1695
2205
1211
3125
1472
648
2276
1311
2324
170
1009
2470
2222
2408
140
2977
2626
1294
800
2362
779
1249
1986
525
1149
1643
469
981
3144
2439
1865
1203
2617
2718
2481
733
306
2191
172
825
1172
181
2580
3235
1845
1221
70
1905
777
1920
3113
366
2099
2479
2041
3090
2220
2334
305
2554
1069
3094
699
1953
93
2606
729
482
2981
2665
406
2334
955
25
3338
458
2416
1733
1291
1099
2243
2200
1414
1812
2584
2509
633
2426
2407
2272
1163
3359
2666
439
3317
2558
2198
1882
1565
351
1337
2270
1267
2004
473
612
2628
2650
287
3298
2641
1799
2320
2502
2713
594
3307
3268
1129
1208
3360
1979
998
592
903
3052
389
643
706
968
172
2066
2002
2011
3401
2610
1033
1435
3369
326
1308
755
2826
3194
3219
1699
886
2892
483
2589
421
594
1582
2748
810
82
2927
2556
2625
2687
3168
2942
906
3054
986
50
249
1376
1463
2924
75
1695
2684
1781
302
1312
328
528
1327
644
3233
56
1626
1712
3193
777
3000
2960
1699
2568
1142
2477
3481
420
2645
633
349
2843
3182
1212
3142
2574
3246
382
1612
1601
3301
816
319
65
2659
3323
1541
2194
659
2791
1390
2549
3464
2742
1520
2473
2175
744
2553
2380
708
431
3023
1925
2108
1498
3351
2650
3329
831
1163
1085
3111
3465
423
25
2179
1445
847
511
680
532
1665
2678
2533
2873
3096
3220
3419
1661
1042
716
1772
1223
453
1976
944
1519
2230
3328
2359
917
2546
1019
3052
1918
1035
1510
258
642
517
1092
1134
455
1606
1251
849
2037
2986
1585
2146
1573
3541
2499
2258
1998
246
827
2119
485
258
1464
1905
3011
1945
724
2099
476
3347
1738
553
2058
1362
1735
2244
3364
1557
2526
2923
1957
2229
2293
2486
1914
221
26
1146
3125
189
3572
275
2091
1294
3400
1866
863
3628
2631
915
2588
3548
1051
2014
58
177
1157
1406
2218
1742
3544
2109
2070
1986
3043
1793
1016
2188
1336
1570
767
3602
2728
1184
2293
2516
1512
2154
259
269
1441
629
753
646
2643
1454
3563
368
594
2365
1941
1418
171
3350
399
2471
541
842
2745
3612
493
222
363
1866
3379
3647
1123
2569
2430
2252
896
2037
1250
2079
697
2804
1279
1534
1187
1750
239
400
1758
3633
508
550
1516
2145
2988
1108
3478
1472
386
594
2267
2061
3073
513
905
3140
3279
40
3271
1321
840
514
2041
3238
2631
303
1938
767
2991
3520
2171
3032
1530
215
1910
3545
1468
1827
889
1411
1225
3429
3607
446
2542
2972
3047
952
2380
3577
2125
2045
2651
2365
1199
274
2545
1677
2271
2111
2493
528
2078
2124
2923
1284
2898
1381
3528
1070
1702
1679
2521
1393
3218
1088
436
2729
760
2563
1406
3114
2089
3374
1329
3680
1386
3378
1868
2565
3785
1495
1435
2643
1371
2090
3630
2060
2588
3258
2469
2876
50
1495
1214
3722
2359
371
2327
723
2196
318
152
505
745
2001
2457
3123
1890
1864
1099
2826
1628
2722
1780
3531
1256
2235
656
2258
2049
1385
2927
3316
2512
3683
3211
1269
2
3428
1058
846
458
833
1023
2206
940
1762
284
2082
520
754
2636
1822
1686
1446
2655
31
1895
3076
3073
867
776
2033
2292
3408
1496
48
1988
609
2757
2144
3846
1162
523
325
1657
516
974
413
3185
3169
1388
1282
1488
2997
2701
2972
956
2107
3296
1849
980
636
3473
1979
2100
1988
2751
42
544
1393
2398
819
2204
1458
3300
3512
1905
1301
3011
3494
2216
1482
883
1795
1876
781
413
3586
1762
2447
1907
1413
2597
2447
1018
1627
3595
2250
3920
3101
3069
329
1272
1256
3580
416
1260
1158
963
3787
3125
3952
1816
2431
3244
3311
2003
901
1745
1410
3801
457
3016
2803
555
2281
1993
2431
2204
3958
2869
1055
3874
2096
2251
2906
3285
3858
2985
3348
1378
3791
515
2954
2890
298
2686
564
939
48
904
2332
2839
2829
3251
799
2995
1594
705
3239
2238
2136
283
3449
384
78
2638
1813
2886
3707
3094
2634
3871
371
647
3608
2866
1628
2992
3942
1087
2815
2848
280
380
2479
40
81
3873
794
2039
2140
268
247
810
637
1494
1650
2151
2256
3614
2888
2641
1378
1339
2813
2006
933
3159
650
1680
819
251
3156
1522
3269
3357
97
1210
986
2258
3598
2648
2785
139
1448
1356
1520
930
3770
1043
821
1046
1801
3621
1703
1314
496
1337
3684
3985
1975
3852
3955
1668
1987
3301
4090
274
3991
1809
258
1278
866
2994
1220
451
136
100
2524
3794
3887
3899
1243
3859
3263
831
2545
3058
3310
981
965
3115
1891
2333
1983
2032
2134
3471
2318
9
421
3709
2919
852
2163
1299
3242
1179
617
3698
2217
3051
207
387
1612
1369
2402
913
3489
401
1425
1679
3219
201
1590
1148
1702
1657
14
1418
2637
175
3907
265
2847
3261
1889
107
662
4028
2965
1720
1837
870
4034
3451
2586
1353
1500
1810
3099
1379
1545
728
2430
2921
3521
409
3732
1204
3290
1763
3521
2294
2972
481
2300
355
3040
193
2586
1431
372
2199
2665
2019
3167
4173
2965
3806
2938
2563
655
2971
2080
487
2043
1463
3941
439
1916
4127
2704
744
759
3010
2566
1649
207
3662
2474
908
743
12
3869
2179
4178
1418
569
1228
397
1428
262
741
4085
879
948
2720
1538
127
1608
17
3009
79
3183
3047
129
118
4150
106
660
2303
2417
3265
3287
4015
2817
286
233
1029
2354
1420
4187
4235
3334
868
1182
4119
4117
2049
1655
2835
2830
3160
947
3452
1981
3734
2971
3571
890
1938
135
1155
3170
3946
1194
170
305
2795
2536
1816
2585
876
1500
323
705
1841
4056
2833
460
1408
221
1172
732
73
3383
1451
913
2704
1598
630
3181
2232
2701
1072
550
4309
3325
40
251
3751
3940
362
856
4019
1523
3375
2679
1314
3508
1444
3221
1749
3270
501
3138
2677
1390
2527
2097
673
1051
483
151
174
884
3410
1805
2175
4047
2202
4039
1600
439
3658
2903
3290
3376
3244
3079
3629
3352
4
3510
3158
1710
346
1100
2656
3870
1953
1580
3067
169
3988
808
552
4387
3561
2845
4085
1490
3473
174
1323
37
4287
78
3864
1413
2667
12
2808
1939
3822
2877
1987
2191
2614
2265
1570
622
2778
3997
2524
3598
423
4055
2578
2874
913
3214
1192
3197
2032
1636
1375
3465
2988
3696
13
3239
1609
1541
4433
3790
4261
3200
1323
3773
3127
917
3278
3899
3667
396
1322
3504
739
1604
152
3381
754
4232
3026
1077
4197
36
3239
4238
2408
2505
1368
135
2689
1186
3182
154
4301
544
2132
3365
1469
4461
691
4412
2297
274
714
459
4409
1286
1320
2176
4046
3545
964
244
2502
4050
1057
3128
3793
1471
1241
3289
3852
4400
904
1853
4413
2118
232
4188
3373
2426
282
1723
3159
3472
1178
1362
173
2095
3477
3643
4000
1871
1477
4110
2168
3111
2720
45
1028
1890
1463
714
2794
4132
2292
3372
2892
2588
3501
3416
628
1531
3223
1958
3173
4500
4090
2965
2351
2317
2408
2323
3422
4393
947
4124
3705
2211
1710
2424
2868
2277
3202
1683
636
85
915
4528
101
3795
927
3823
1391
2212
2602
1203
1965
1556
2285
845
2731
2370
4559
1758
3314
1623
1009
4531
2135
1077
1477
418
3370
888
580
725
3271
2245
1230
2252
3634
244
1259
2511
2284
2683
3271
2051
1594
2186
1399
3773
2041
587
4393
216
2013
1254
3503
2673
3474
3429
2680
3117
3019
3822
4470
1386
4519
4267
4205
1769
4344
3858
1285
242
1791
2415
571
3974
1284
519
61
79
1735
4179
449
4032
3528
688
2729
100
1094
1525
567
272
785
419
4413
1365
1593
1111
2391
4363
1112
4559
2546
484
3225
253
1015
4606
292
2693
787
1832
156
1144
509
4240
2101
240
788
2279
4322
1742
676
2676
1212
2372
2172
704
1179
2198
3249
92
672
329
3138
2900
1324
669
1806
2422
3592
4655
4464
2190
1895
2194
56
3260
2094
2896
302
1036
3365
4626
4605
1583
4302
914
3117
2685
3014
1035
954
1458
1202
1036
1458
4276
96
2449
1108
1702
2390
830
2769
2153
2135
3992
2426
562
1890
3671
4110
3956
3556
3533
608
4587
3734
3423
1908
2896
2049
1914
463
154
3451
4034
3905
2380
3193
3585
3210
85
1871
4662
4032
1149
2176
4379
857
2214
3446
3657
2360
3050
3053
888
1527
3471
632
1593
2184
1973
2893
238
717
420
634
534
997
486
441
3961
3143
2564
480
457
772
4760
745
4136
3389
4214
1219
1229
4089
4210
1974
2508
166
4518
128
2239
4422
3256
371
2643
4225
2737
4081
77
3150
2094
4776
4678
605
4524
1373
3477
4188
3709
770
1808
13
1828
2478
1936
1389
2536
1199
1451
320
3571
3155
852
4470
1792
4582
4195
4446
1676
203
957
1088
2721
3205
4380
1556
1150
3267
1556
3683
1393
1400
3147
1489
1769
2898
3554
2942
3086
2255
518
2051
4110
180
1226
1058
3620
1321
2794
2498
4712
3349
851
1444
3742
3920
3931
661
4706
563
1984
2115
953
3879
4803
4650
3913
111
3238
3088
1709
3898
3026
2001
1790
4393
3952
1787
1752
2614
4061
2652
2162
2152
3398
4256
1152
1205
1931
4372
943
2659
3882
2631
3258
1850
248
1660
1992
372
3329
4627
1304
3106
470
819
1521
307
4883
2501
1455
3663
3551
1174
1357
4308
890
2113
2475
73
2324
1226
3518
1321
3485
4953
3548
2586
4600
3227
1704
812
2814
179
1709
3367
2903
3907
1146
3042
354
2815
1907
483
3775
3468
4490
2267
4149
3069
4204
3171
2021
533
4323
106
3400
1145
2704
2180
2055
554
2406
2634
1472
4860
2252
1626
1902
3720
1616
4455
2774
3750
1838
2718
4296
2164
1002
3327
767
3809
3726
2517
4655
1808
579
1562
2400
3510
585
4899
3325
740
3900
2756
4904
958
3639
3869
450
97
1919
4617
1470
4979
1989
3334
3743
3867
4520
2609
429
739
4623
185
1904
2858
4315
1302
2932
1511
4294
4921
2048
2110
1774
709
37
3794
2890
2974
102
1857
2445
1938
4235
4394
1538
3974
2143
312
2492
3240
5035
4810
3475
1034
793
2020
1545
2333
4554
81
867
3602
1346
2655
2345
3251
3372
524
885
2083
4198
4172
3857
650
2760
1383
26
2466
586
3114
4187
3358
4109
2124
1624
1941
2694
345
706
2630
2146
3150
4161
4686
3613
1368
2773
1587
3397
1438
583
3647
648
1645
293
1406
704
4296
4760
3077
1223
3962
4505
3779
2235
576
1416
1304
609
4061
4660
4612
1318
57
3774
1117
3611
1181
4913
4480
3460
4688
4978
3337
1666
4444
2331
2132
4218
985
1959
4579
3427
1906
1436
2268
1355
4571
4338
1010
4418
4260
444
1334
4677
2190
1032
4708
1506
3550
2684
687
595
960
2243
1854
3627
2062
4125
25
5103
158
1597
788
929
2971
2217
198
761
3221
3956
3911
3193
2887
1326
454
391
3226
4463
1295
1519
1531
843
125
2024
1791
5113
4969
1661
5188
624
4174
1695
3656
1533
3398
4118
146
3081
532
720
4172
3245
2190
3211
3460
751
4747
1526
621
2696
3625
2426
2778
3664
652
3916
3788
1219
2459
5063
4292
2347
4534
2855
2712
2199
3744
566
4125
1810
2987
1806
3966
5179
3713
205
5096
4801
1278
1531
5050
3212
4415
1618
5018
2193
671
1882
3656
4228
879
1340
1012
1522
1718
3096
5239
1659
3856
3423
4826
1960
4600
4564
3978
4705
2373
3927
3647
3040
4558
2733
2104
3030
79
3128
4297
397
5149
3873
749
5020
4057
469
451
16
3969
147
819
890
4057
3169
2075
2951
1744
4507
1819
1467
3396
3333
3266
3787
1455
631
4561
454
2921
1466
1125
67
4555
1964
2920
3076
670
3878
1704
1953
1246
1547
4696
80
849
5203
2760
4079
4632
4828
570
5038
2997
505
5363
2804
2527
4235
2803
2042
1677
4357
1532
3293
3078
408
1860
699
5120
616
1837
1488
2226
4650
3402
3704
3038
475
3222
4608
2208
3234
4520
2319
2228
2636
2658
4183
328
3263
1440
1864
4253
2239
2730
1348
1662
5376
1117
764
3121
5090
3639
97
2327
2676
4095
616
3319
4013
5135
3073
4308
4615
1765
5382
4612
131
4460
3000
1883
89
4897
4218
4740
4168
3794
4266
3164
2167
3578
1873
4501
4874
2572
1468
1766
4811
270
1128
2039
3640
3039
4235
3259
4217
1240
3239
1213
4013
3077
2303
1161
2783
2011
67
1905
3176
3927
2568
2437
1325
2439
1449
3696
2225
1683
4022
2863
37
2176
1071
1340
384
159
452
1725
5380
4256
1400
4531
1960
713
3493
3107
4951
5480
924
505
1572
2027
3840
4565
4024
3058
2043
5431
4247
4184
3708
3231
1710
2676
1574
911
2166
1193
4812
430
5031
3698
2464
1998
1852
4405
4490
2425
5440
5342
1212
5316
2073
72
1104
3666
1543
3549
3498
3013
3601
1336
869
1808
2142
1366
625
2669
3108
2324
2648
3457
2990
4550
3066
1737
3007
4860
3006
4302
5420
5128
3654
5550
2785
1559
2877
5551
1148
3979
2481
2890
4306
754
168
1597
307
271
716
913
497
734
4658
3837
619
2434
3321
3286
2617
2392
1289
1780
2102
1046
1480
1247
1490
4068
4453
4132
270
5044
4099
64
1287
3596
1127
2346
1450
5018
3194
4609
2440
431
1467
2240
476
5024
2202
4490
3068
5553
1147
317
3214
766
1655
4486
2632
812
1930
2934
997
455
1100
4017
1000
1925
2000
4843
3386
464
619
5001
3844
5215
5558
392
4363
2059
1416
5102
4032
85
520
5328
1273
1240
567
1347
4817
1599
3063
2141
5175
3430
3543
332
1325
5559
2281
1740
2707
5241
2498
3690
2983
2585
671
1164
998
2018
3757
814
4695
4931
3098
3864
3556
3252
4860
2161
4666
5104
4685
640
4951
2309
2976
5645
495
3936
213
2760
3990
832
3209
1760
3526
5335
4007
2397
4024
4674
5497
162
3757
3974
5118
1038
4059
251
2012
3029
5497
1368
5449
1017
2306
2297
5143
4868
4397
4322
4447
2320
4861
4893
1101
3867
1301
5533
2139
1498
1779
4152
84
3119
5284
5064
400
1014
2509
1477
593
5215
831
1024
579
533
1139
2931
4950
4477
4045
3642
2449
5035
2398
2668
3055
4933
5244
1999
3856
1212
4514
4363
750
756
2900
4472
3024
1560
1202
435
1022
1046
990
4047
5760
1814
1671
2481
2472
2993
3031
5621
2092
4191
967
4059
3727
3561
2858
5015
4899
1733
5694
3019
5723
1337
5061
3594
3009
231
3454
4053
2790
2441
5365
2322
4211
204
4007
2926
1908
1702
619
38
2062
1111
1758
2428
4139
578
4075
3128
2003
148
4572
3069
782
1904
4763
472
610
5655
918
1677
1163
763
521
2467
3592
1383
1465
2598
4319
4426
2439
4414
4320
1783
3541
369
761
566
1689
2129
5647
240
2529
4697
2263
3652
2532
3812
5871
2217
4428
885
5503
5786
5742
3296
2256
3110
5816
4919
2734
531
4939
1488
4161
4714
3115
2010
1000
4570
2784
4792
3212
3576
4095
235
3811
3555
3225
2672
2543
1433
654
3494
2347
5852
3415
534
5166
1289
2453
853
2975
5085
1920
3112
864
675
150
1780
5668
2684
4419
4106
2218
5523
4008
4738
3474
3881
5748
1973
1276
3951
1125
925
1951
4403
919
598
3870
5495
3495
5230
2032
4716
3002
1655
3890
28
2247
4272
5185
2711
2484
4182
5678
3758
3687
4108
4131
612
3941
1827
2452
1155
3414
5514
5655
5881
1202
2575
1496
4422
1728
4405
1964
4605
3657
2387
3372
5058
1408
5614
5743
3036
2561
1703
2981
5002
3917
5459
3918
4730
592
164
4084
4364
1040
3288
1493
5389
4863
5329
3040
2117
64
280
2762
799
1006
982
1284
4464
1619
2206
2054
1039
4618
3031
2489
319
263
2320
4781
1850
5550
5662
4161
4820
3263
3322
1094
5820
826
431
3155
3906
5612
307
4249
3049
1359
2875
583
1668
288
282
2686
357
4214
4183
1387
1055
544
2825
753
3158
2635
5322
1665
4208
5675
3145
285
4029
4513
116
5192
4087
5003
4378
2233
714
4087
4354
1207
275
5255
3275
1835
3243
131
1182
4593
411
2950
5747
3778
230
1451
2125
2889
1445
4687
322
4365
4508
4608
4106
2095
3381
518
4984
1793
2507
3898
5718
7
5329
1086
2105
4276
3802
2002
3670
1093
4416
3935
719
304
1603
5202
2492
3350
4155
2313
598
1959
260
3069
480
1483
3038
4993
5119
5852
3666
5760
4503
5555
2643
2428
4867
4702
4459
3974
636
1283
4087
2642
997
4371
2981
2555
1919
1932
2548
710
5648
817
1278
1638
5090
4673
27
4840
3973
41
369
893
3608
4820
3270
4638
936
41
3988
4045
5081
2103
2198
1167
3199
5606
210
3620
3879
829
3217
3887
4544
3196
1638
4187
286
495
5945
4097
1496
2015
5447
5186
2421
2726
2818
6074
5575
1379
540
521
4810
1216
2435
2256
5364
4855
3087
1072
1165
2361
1482
5499
3178
6042
3520
1387
2154
3267
131
675
3089
3581
442
4828
1272
4310
3517
394
5279
21
2490
6223
1518
5906
3973
2499
1771
3615
6062
1459
2539
1216
1416
1532
4262
4769
4434
973
3553
355
894
2598
5881
714
2602
1189
6087
4456
2005
3547
2758
5002
4382
382
1643
4721
597
4961
716
3327
6101
4126
1365
1942
1856
1370
4113
4621
3107
3761
3985
824
4106
5835
6129
5317
6193
5536
5810
1938
1454
3232
1313
5871
3643
4263
576
1613
6110
6155
3226
3886
5107
5493
1390
1607
4295
4113
5798
362
4355
5142
4630
5056
310
2896
2985
5567
2370
3726
6232
760
1339
2858
3120
3614
1919
4002
1698
1799
2042
1863
2123
3022
3460
4042
3626
4498
537
2139
1694
3865
1668
4073
5934
2648
1013
1719
675
2155
2530
3600
2708
1760
5717
1353
1084
1491
2332
4362
1055
6383
2429
3100
5299
708
5088
2342
390
5969
5804
342
5726
678
3199
3866
1344
2116
990
4812
4388
6367
5318
3170
4393
647
2160
4370
3614
819
443
100
3465
1436
1056
3839
672
2688
2010
1422
4197
4986
4151
5234
978
1288
4931
3878
479
385
5844
3814
5074
3479
2151
1308
3916
75
3944
5025
4767
3442
4589
4405
2757
3682
5431
5424
6234
1916
289
4499
2003
3037
6105
5672
3898
4209
5371
6422
6464
4103
4576
3949
6110
5876
770
3944
851
6092
80
6308
90
672
1725
6176
3596
5911
3547
2471
2778
6157
2984
1473
725
1379
4348
4282
1382
1972
3973
1174
1689
2389
2880
5501
4970
2658
327
1143
4625
4802
3114
1685
29
1826
1660
1446
2964
1977
3167
5837
4765
3282
3847
4298
4262
2480
2965
2653
2906
6411
4953
2063
5251
1502
1155
4736
6035
1274
327
2343
3509
3140
676
1762
5731
2843
2138
5764
5576
1794
6368
6536
3633
5862
1111
5334
4295
902
1084
3614
4938
1654
5162
2519
5236
4409
361
3403
4240
540
4499
2706
1018
3000
4649
2049
5799
4401
1403
1287
3481
2826
1038
1824
5154
4545
2062
4669
750
3689
3153
1934
3056
4246
38
4764
4118
2053
3743
4263
4750
1183
1928
1274
5511
4234
2762
2450
4428
3689
2482
5149
3567
5080
3900
4008
6000
5037
4478
4826
3701
1431
5479
848
1002
6360
3045
4959
1342
2913
1021
2299
1995
5989
4617
700
5760
2637
394
4458
2282
1030
6135
764
1482
3730
1741
2356
4958
2018
1958
867
1917
2547
3190
3709
4972
5901
4263
4987
4834
4741
3209
4597
2847
2898
970
5186
5762
2488
1025
6253
2803
5430
6226
4317
3705
49
5712
2568
1709
5515
5752
470
5004
2930
1733
6543
1920
4525
4281
5545
3396
1655
1169
1173
941
6676
166
6615
5562
4074
1911
185
685
1951
3753
3805
4987
4180
2535
6498
3366
4115
6480
2642
491
3341
5951
2625
6618
3191
4636
3253
4338
6514
2121
5648
3444
3783
5241
1256
4268
4880
6254
5839
761
1297
114
1503
2047
4461
3554
4115
1009
6352
1922
741
5856
1718
1824
5775
4570
1484
4693
4787
498
2016
5136
1004
6742
5200
5696
1115
2304
42
5438
1762
197
5667
6350
2945
5010
1916
392
557
3450
1088
6008
2002
1564
1522
2374
917
152
4105
2278
3020
5876
6370
5385
2176
6630
5091
2300
6315
1162
4829
6521
3139
3629
6316
3382
813
6538
5253
6399
180
5658
3393
3582
2167
3101
3658
2231
2030
5084
3024
1603
3629
1158
238
438
6707
6407
4006
5992
2908
365
848
902
268
3601
4493
4938
3052
5599
4473
648
1244
2747
2549
6006
1089
4148
6317
4595
4702
875
109
4476
4460
5579
3167
6538
3235
1747
3236
4913
1218
1382
6061
4782
5587
3880
5106
3580
6368
1627
5340
1409
516
4029
208
765
6769
1079
5335
636
315
818
5300
1534
2557
2987
6528
2674
4970
4254
87
4689
5174
4130
1727
6388
2533
4546
716
926
5662
2978
2591
394
3109
3343
4291
1231
11
1568
4257
6183
566
4334
4102
5143
6553
2181
4111
3701
3134
4686
6701
66
6373
80
2106
447
1905
984
4597
3749
1448
438
97
5345
1949
6357
1057
2250
4166
1868
2037
2482
883
2322
4371
4338
4016
3664
5375
2452
5552
1562
842
1883
3878
3526
2774
4393
5058
5562
4396
5456
430
2473
6911
2499
2396
6478
3250
6528
1477
3105
6807
286
6970
3470
2886
6936
1412
4780
6462
5314
1157
2102
3542
6319
1146
5532
1875
6620
1917
5175
2676
5099
4445
3488
6917
1330
6669
3602
2077
5568
5136
3545
3632
2739
2237
6012
6313
4469
1865
77
5090
616
1265
426
5880
4943
3121
6684
3756
4463
6720
6859
6474
2213
6192
3096
309
652
3096
4917
5030
6387
3504
1272
1300
3093
4777
1120
4338
2954
1951
3025
3243
6093
2078
3388
3432
6159
69
6859
3706
772
4405
6694
2990
1720
6869
1099
254
1322
4286
1286
3757
2237
6232
5567
833
4591
6543
2382
790
3661
4847
6147
548
4029
5218
3468
3526
3800
6561
1115
3525
2132
1358
2774
2559
46
2942
849
4903
6746
7053
3496
6855
4294
2555
6469
194
3335
6423
486
6261
3195
6600
3005
3060
181
4615
6534
4110
2276
6812
1503
5389
2048
5846
4292
6450
6465
6073
6750
1462
4907
4234
7109
3895
393
4675
5752
2180
6424
1742
6115
4865
3018
4984
1538
1057
1729
6778
4174
2756
5650
5653
131
4154
3700
162
6295
4052
223
5646
5901
6225
406
6693
96
974
5607
7005
3710
4314
594
5594
6933
4537
4726
389
6122
5574
2907
4815
3397
5803
5759
985
6171
4478
2899
27
2237
4244
6808
4013
4910
5930
5403
3253
6204
6073
1540
1604
4790
5740
2042
6016
5750
5791
1804
3537
340
127
5838
2
3639
5534
3064
5756
1116
4365
4851
6539
4825
5528
5611
5979
5443
2674
4155
1481
6069
1539
711
6209
4408
3629
871
4240
4785
6797
3690
3104
788
3687
7151
136
4981
957
3446
3465
5787
2159
6367
2945
2926
715
3971
3684
3714
1259
2743
1165
4892
6355
3739
1040
6207
3444
7105
1079
5991
4211
6564
5638
2576
3169
7197
4805
521
6100
3368
1982
2066
2298
5756
6830
2056
4845
3735
6417
3682
538
2552
3874
6307
3635
2571
4916
4944
5124
1473
1687
2137
2527
5061
689
1392
3718
3268
7216
6432
7253
1993
2528
7021
7302
2206
3938
6973
5113
215
3649
1655
4644
1872
4719
2473
6476
1787
2267
5746
1401
6912
3272
4069
3421
5430
3296
7171
458
2524
4131
4718
7320
5442
6891
6066
3030
3305
361
2576
454
5092
3200
2615
4306
4710
1763
3449
5245
1254
5870
5937
5496
6944
2837
6206
4359
3743
1569
3116
1601
422
7099
4949
3193
618
7134
5823
4415
3896
986
6808
7190
5927
5981
5143
2266
2516
4356
4623
5669
5249
2612
4102
4888
5497
5078
6496
3550
690
4952
6680
4977
3055
4956
2925
1386
4692
4647
3449
4563
6749
2731
3068
749
5649
6214
3396
4572
2313
7156
861
1022
6069
928
2049
1542
7301
557
691
5621
6209
216
1027
5354
1100
2767
4474
1352
4475
4143
834
6643
5986
6145
2136
3349
4148
221
4626
2693
937
4240
2580
2601
7234
5297
7373
5011
1583
325
4216
1473
3004
268
305
6337
1328
401
6518
1700
3836
2723
2036
5141
6398
7008
7172
1348
4625
1853
513
2516
6109
1866
2036
1243
1117
4451
2288
976
5419
6562
6666
2154
6115
1442
3190
3980
1518
6612
424
6926
2831
4051
1537
1443
5718
2928
6165
1957
4561
1277
3570
6710
6865
7196
6361
3278
3059
213
2761
16
5143
4969
6068
914
1449
5413
5550
6793
268
2514
3567
2226
6535
1434
6667
6269
6394
5720
3720
3357
6938
5959
5487
1909
2591
2531
7104
1087
1
5550
103
5151
3522
2429
3713
7340
4657
2536
2257
1467
6530
2356
5697
234
3132
5535
1567
420
6776
6821
4149
7269
337
6151
2090
3306
5405
3349
3894
2091
1204
5404
5835
962
5951
5416
3031
6135
7235
2359
1676
4347
5492
2283
1775
6964
5484
5438
29
669
6877
1543
6002
6509
1096
4652
1248
7117
7044
6497
517
6867
6740
1229
2802
7406
169
3004
2827
2033
6597
3085
4204
1899
5169
302
897
5007
254
1754
961
2895
5819
6367
1001
2612
2848
3916
1444
6200
3219
2973
4483
1593
1702
4347
4268
7002
3488
3799
4054
3277
7205
3660
205
6490
3881
4367
5555
5343
1592
5676
1666
5575
4837
7199
3964
4660
3647
3355
7098
4099
4305
5827
3633
201
1453
1976
6052
1091
2799
5901
5009
1759
6905
6743
5533
3758
4825
5510
1627
937
5520
5231
1637
478
277
7690
7049
7114
4382
7476
5483
4579
3523
1947
3582
6753
2884
6920
7407
4421
4911
458
3412
5967
3191
5580
765
4673
7190
6314
934
3406
3354
3936
2319
5428
3609
7224
5681
3665
1744
6591
3996
7616
6505
6125
944
1457
7691
208
7201
226
7625
7277
2635
3874
6174
7209
4189
4236
5124
442
6777
4475
2295
3557
3274
6062
6070
1580
7242
7398
5526
5970
1743
1349
2966
7115
5372
5342
5148
3378
7388
364
2229
6440
81
1892
4840
5948
1461
1266
1603
2111
7705
4546
75
1070
6580
3770
3893
4396
4444
1549
5871
4801
1819
663
5001
6235
4516
5114
2347
3611
7161
5668
5333
3744
5801
6470
874
46
6490
6476
2914
4828
3576
2338
6113
7433
3502
7448
168
7665
7102
6375
1792
3854
1984
6319
4017
4527
7424
4487
5347
3194
6189
1782
6153
478
4943
2986
1164
4080
1751
5532
2316
5061
5276
5642
270
5154
3032
2447
2175
2256
4180
2886
5191
4534
24
4732
1590
980
1969
3493
2171
5384
823
3878
5302
844
5521
4821
5110
1658
5814
1185
3506
975
4605
5165
6107
1847
3096
4668
1033
7445
809
4578
5298
92
4586
1962
6960
1194
7770
6387
2585
1905
3016
4861
3005
1341
6189
7484
2951
5930
1055
5483
5865
3658
7628
479
3856
961
7102
2696
2634
6096
2542
4113
2645
641
7375
7795
3800
7050
3780
4869
4722
5193
7589
1138
6263
5086
4108
4885
3600
2827
5865
954
1041
7794
5289
543
3263
5618
1394
3338
1052
5505
2357
1371
4796
1402
3925
4048
2749
5254
7762
4234
7185
6959
1298
4556
1951
6615
4925
5380
7438
3495
1638
5504
5526
6723
996
3467
137
6918
7331
3053
6946
4401
7375
4895
1939
7891
6079
1765
7975
2944
3266
770
93
5979
3475
1414
6429
5253
2363
4707
2747
5260
3820
1997
2032
4768
4367
6694
5248
4098
1006
1170
7490
5954
3253
5669
6308
1285
1517
3326
1216
1209
4511
3127
5113
82
4909
7842
2242
6113
4620
180
1008
4219
3304
758
6300
2079
7618
5181
1004
1833
6720
2875
2374
2861
6045
6619
7364
2174
6479
5602
1397
3676
6394
7985
7879
2737
3901
1091
429
3644
7680
934
4496
4513
6173
1451
3902
1034
1794
405
56
6066
4891
1276
8064
1063
2431
3691
7828
4621
2851
6966
3595
4722
7373
4402
1550
5046
3515
3601
1210
208
5221
6716
428
417
7538
3391
807
4027
1720
3277
3945
7039
1186
1889
5561
5608
3315
7281
2470
7574
6945
7029
2490
4675
7164
723
5855
581
678
3741
6883
649
6243
3454
1547
7156
4258
2486
1095
3407
3147
6788
63
1760
7282
3200
3723
7857
1500
3238
1999
1810
6971
7653
6813
1781
3969
5275
690
3521
2329
3602
5766
7581
1097
5351
5627
863
5447
6692
1668
7664
6797
3656
2399
1268
63
4405
3019
4012
958
2231
3771
2294
4605
6602
3596
1748
73
5524
5043
1956
1746
3433
612
2152
5470
574
4250
95
8116
2664
4991
7521
6231
636
1824
5017
6033
3312
4323
5325
2301
2600
3598
2615
3693
4131
1941
5004
539
1656
2834
7143
6608
7214
6312
4969
4109
2244
8199
7705
4491
729
5096
7347
812
3488
4313
1274
6250
6627
7764
3644
4218
84
6044
5440
5712
6475
8052
4973
7656
7596
1764
3855
7324
608
6975
4560
6867
729
7816
2248
3754
823
7285
1153
6958
1704
1364
5167
6790
733
1992
4211
5867
5275
1
5873
1135
234
6984
4222
4241
6957
837
2079
276
6262
1317
1579
4126
7265
1968
3015
7664
6510
4670
4831
504
3863
4558
1846
5292
7778
1308
7259
6234
3894
4309
1502
7691
8231
5415
266
3570
5163
1679
4501
3061
3743
1671
3109
7563
1413
1128
1302
5734
2035
6592
3853
2721
2072
3556
1495
3119
6837
4397
489
1332
158
3121
1676
5190
3360
4920
3738
3100
7535
4732
5129
7446
1336
1312
7984
1890
3004
2564
4481
7637
5284
6260
5021
8282
2845
3827
8051
490
401
3854
2413
562
5039
1997
6542
7140
5478
8008
1259
336
2876
3809
268
5227
3005
5096
3302
2639
5008
7307
8319
5403
1276
5024
5330
1391
2041
7204
3666
5208
5488
287
3268
6396
3010
2254
5492
7850
3917
8373
479
811
5737
308
3710
5139
6562
1080
1365
1268
2298
6719
4613
1180
3593
7637
7898
4453
2568
5181
3103
4906
6294
708
977
51
4112
3505
1673
143
734
2814
2764
2872
109
2881
5482
3265
5869
3395
4358
3998
3711
1625
421
1317
6574
7579
6217
48
7130
5006
6028
4860
5116
7047
6899
3044
3529
2938
7940
1544
3211
6686
7039
8259
3139
554
7676
7127
3299
3439
4484
5569
4207
6375
5431
8047
7407
4540
4498
1126
1561
7970
4803
8479
7559
2919
6168
1245
717
5110
2925
5352
5384
5627
2310
2174
5555
7922
5051
1116
4127
1102
3522
8266
3702
5345
4492
4573
8129
2927
1191
5867
7140
7193
2517
3664
1396
3541
3678
1399
6318
3741
767
4626
1480
6769
8139
2456
7961
8489
1579
3623
1263
2759
1219
1729
5047
7329
2921
4586
30
5099
7843
2752
7945
6122
2406
3000
7938
4349
1
1038
8266
2527
5269
3432
5128
7654
1335
1267
1027
5876
6303
1790
4680
6766
7732
3206
3149
5002
2524
5083
1167
6339
5312
4294
557
2777
8119
5710
5032
8394
1201
66
6624
7284
1327
91
1104
7332
3276
2957
2707
7945
2546
5616
7802
5201
4872
8468
1679
3370
1831
3766
4295
705
994
7628
7790
6111
8266
2230
8527
1387
1927
3638
935
3373
4249
7628
4325
7056
743
172
8050
4095
3165
2807
8280
6621
1776
1109
2847
5962
7304
2426
7836
2862
2716
4528
7177
682
4635
1894
3857
3603
4990
2298
3536
316
8466
7680
2591
6503
13
7441
6559
7909
667
4228
7097
6386
5236
3550
1493
1680
5226
4626
1201
358
5089
7750
4691
4585
34
5802
6362
4162
6003
1573
5163
5433
7858
5143
1304
8616
4800
1530
1333
2644
117
2085
7078
7453
47
1351
1130
4990
7396
157
1652
4229
5295
4878
5094
1290
2639
540
728
573
6768
1691
1931
429
7189
5093
2034
7118
5295
194
2390
8261
631
1263
5039
8549
1824
6089
763
7648
1470
5450
6515
6820
6480
8042
7863
8374
3703
666
7343
5247
5931
3521
7695
7736
5123
4722
3581
7732
2348
1984
8203
3163
3382
4355
2833
1292
7578
3341
8406
650
327
7752
8258
3756
3175
8603
2858
16
999
525
3590
1043
8059
2226
5084
2833
1599
5008
3221
7760
5073
5730
7311
4898
4844
5788
4341
6759
8415
8774
1688
2593
8784
6422
3860
3685
383
40
345
2267
3169
1645
8692
8806
5456
4032
4444
6679
2695
1063
1551
6129
2740
6540
4913
17
164
1995
8812
8554
1331
8296
8582
5763
668
7868
2939
414
7918
5417
5457
6667
3111
5336
6228
4701
4252
3016
6966
3007
8822
8696
2489
2649
3495
92
836
951
8309
4202
3310
1382
1343
4209
1635
5515
8338
273
3639
5879
7066
4450
6212
7002
7520
3365
6857
1940
6220
4812
6405
3416
2571
6629
684
6740
7841
2587
5305
797
1887
5424
2275
3787
2012
5908
1437
8249
3711
3822
8541
7067
3905
3323
7646
2799
2958
1516
1572
2989
2177
6422
3809
4150
3421
8152
2027
7854
8377
970
4139
6881
4858
849
2408
455
6929
6761
7305
8398
613
2533
2348
8208
4770
2263
585
4134
3721
7432
5398
6184
1925
38
6219
2955
7056
6048
7769
4409
8673
1529
5978
3900
6933
2911
1853
4862
1451
3426
2398
484
1667
1292
4932
8587
357
6189
6688
2560
7657
3145
7212
4754
4348
1573
3532
1005
4018
1357
5344
3091
5513
4298
395
3346
3340
7182
6729
3401
979
6257
4958
6531
7966
6244
1230
2543
3414
6042
3672
8678
1813
6797
3822
6621
1552
8065
3013
6883
2709
1931
7949
6884
8173
973
7046
3920
2061
1098
7107
2096
8025
587
214
7268
7595
5767
5170
282
587
3934
8355
8210
4147
3952
8381
8960
8531
8395
578
3970
8979
483
4594
6047
3376
3616
2201
3852
7273
5213
2652
4599
1237
3899
798
2147
1082
5438
617
3546
1023
4476
7439
1605
6424
5872
3548
4936
1127
3995
7451
5773
6246
2913
2393
2279
8645
6565
763
2677
5505
2892
4362
659
5050
3045
4167
3258
6386
3377
2026
1750
3189
1458
8258
7493
1965
4207
4914
9079
4680
9025
6809
2239
8681
5243
1656
5850
5058
7855
2972
2868
1785
223
3140
565
8363
2550
1293
5942
7319
4755
5228
6882
8066
7992
6551
4238
6056
8335
1679
150
7715
900
3457
6775
1956
8737
409
6796
290
6997
1674
3150
2147
173
154
5296
6585
469
4957
2795
6743
7709
3972
3267
4333
1379
7872
3074
1067
3776
6827
999
6982
2827
4410
6771
117
608
8285
9066
4442
2178
7708
5608
6666
5567
1527
2555
7047
4727
4470
387
5106
4760
2289
3341
3640
622
3858
7573
3549
3586
5575
5899
3045
4425
16
2604
3112
4377
5576
8385
4311
4636
6697
7841
2876
7624
4929
2050
8160
3943
529
2206
7995
788
167
880
1985
8965
2739
4511
8815
7244
8613
6174
7698
3627
5801
7984
5309
2577
5793
4856
2860
832
3609
4154
2933
4880
8367
2633
4158
6418
1553
7292
6000
3818
1288
2771
7283
8267
6751
5355
805
6118
4220
1388
1227
7279
6262
5464
7245
274
3476
5987
3926
478
7935
7065
365
7471
7943
3782
4597
6793
8522
3085
759
6487
3774
4227
664
3345
9189
4091
6642
6159
6118
4838
2479
6898
6977
3682
461
793
5557
3178
4267
7166
169
6238
1879
3488
8281
4717
426
3831
7457
8354
2947
8538
2488
8361
8894
8808
5208
8426
7394
3966
981
8209
8683
3937
3516
4388
4124
387
6867
2794
4402
9246
678
2407
6654
8260
1020
1567
5427
301
5175
2952
3277
5105
6179
4599
5450
3011
7461
1621
2519
2609
1905
1278
105
1072
2480
3925
5557
9223
7791
8677
4501
446
9157
4144
3593
5782
2949
7891
7732
8705
6296
8247
428
8837
6992
2739
7432
247
1136
294
1680
4838
2793
7788
8630
3916
2896
2821
6824
6936
5318
8828
7293
2362
6577
7405
5465
203
7665
1354
6365
7625
4866
5172
5973
6097
8351
1367
6072
8207
1824
3703
8190
3369
8069
8859
8717
7655
5783
550
6873
78
3845
9040
5610
5067
2566
1043
1
3569
1259
141
6692
4838
1514
3822
3953
1324
5675
8807
3033
2480
3808
3878
7688
3251
84
2690
3926
1235
9012
8001
2565
4507
7454
2977
7260
632
6706
8806
3746
9457
2155
1392
1513
1539
8826
3003
8430
754
3615
7755
3675
310
2884
1683
3989
4221
7817
9366
6008
689
3019
8764
5768
9035
7057
8437
7749
9428
5575
2692
200
2646
8824
8153
4557
9375
2465
6464
6238
3888
334
4370
6511
3208
4825
9004
2392
2916
1652
8680
1805
116
4486
6113
8805
8269
7853
8032
3704
2762
6108
7929
8725
2346
5049
3667
6167
8958
7807
7010
8548
1543
4811
4813
2026
8025
7140
1947
5739
4470
1343
5932
3926
6820
1311
8142
4796
4908
7457
2591
4520
5594
2729
4240
3381
1127
8371
3641
831
6777
274
3231
8010
1491
1761
6186
1322
2058
2928
4929
5821
2257
5730
6002
7991
3282
6873
5326
5492
8261
9436
2416
886
5427
2981
4501
8144
4162
1219
1539
8434
3648
5352
1351
4252
4437
6453
4645
7910
5301
4330
4130
1822
4980
809
5020
3925
758
3847
2011
1694
2690
6403
3325
7697
7383
566
4667
3382
2848
2926
5271
6950
2129
1072
2665
4937
811
403
3314
4562
2355
6323
5223
2494
142
813
6347
8345
796
7608
9106
933
4479
9332
3888
1034
73
8672
7400
8171
4115
2875
4567
2368
4567
345
4055
7934
8685
3960
993
7143
5075
2328
798
2696
5725
2266
6978
8106
7028
5660
177
1344
8226
3531
9047
1788
6502
8390
2900
9242
7503
7292
1984
949
3487
6739
498
8171
3902
6362
4545
7897
9302
1103
1639
7072
6510
8895
2779
2001
781
7743
6208
8749
6380
6018
5789
6244
4707
4091
2135
5150
862
9518
4772
5876
4911
6356
4963
4207
472
49
1369
5043
2810
3383
8036
8295
8504
4867
4047
5053
6039
8538
4636
6761
9375
9013
732
4207
1844
9236
134
8376
8767
7574
3782
2659
6134
144
3015
3711
3764
7130
8681
6823
9303
3994
8465
7990
9065
2007
5109
1134
5573
3738
1100
2532
5695
9242
7589
1746
7525
3628
5322
7778
1410
6916
1514
2986
2297
349
8482
3954
8506
1273
9354
2617
4032
907
5207
7102
3536
3088
4564
6544
418
9476
3082
9402
2680
937
647
7437
9108
8723
1499
7362
2720
1023
9571
5149
7340
1121
3658
5780
3084
3051
8199
1914
4739
7761
6820
5766
92
6694
438
3537
7928
2115
4592
2435
9574
2217
1465
207
6749
5506
652
2374
5561
9631
9296
5655
7844
5595
6360
5225
776
4501
897
1064
3193
7076
3356
1826
1763
8128
5603
2383
4856
6677
301
1754
2916
1447
3804
1559
7395
2475
698
73
1250
4793
3126
8715
9092
701
9572
1334
2888
8773
9357
7170
196
475
4081
9580
2293
4667
3439
8572
4646
5610
6623
8211
7607
9082
989
3815
2380
6111
8608
689
5037
342
4390
9685
2287
6302
2549
688
606
6645
7651
3334
5348
7903
3895
593
6997
3270
7202
7203
1841
5672
5832
8012
8166
235
891
4782
1975
1904
5465
6527
2922
6096
9084
1974
9097
4705
9897
3680
5092
4458
1971
8195
3884
9179
6328
3798
9407
4461
2430
3363
5635
3693
4068
2249
5753
5224
3655
5299
3576
433
7001
302
7979
7706
4521
4912
6602
2360
3906
2387
3331
6593
9819
748
4053
7601
3219
8505
2176
3688
5827
1172
542
